344 1512 3816 4872
352 1520 3824 4880
360 1528 3832 4888
368 1536 3840 4896
376 1544 3848 4904
384 1552 3856 4912
392 1560 3864 4920
400 1568 3872 4928
408 1576 3880 4936
416 1584 3456 4944
424 1592 3464 4952
0 1600 3472 4960
8 1608 3480 4968
16 1616 3488 4976
24 1624 3496 4984
32 1632 3504 4992
40 1640 3512 5000
48 1648 3520 5008
56 1656 3528 5016
64 1664 3536 5024
72 1672 3544 5032
80 1680 3552 5040
88 1688 3560 5048
96 1696 3568 5056
104 1704 3576 5064
112 1712 3584 5072
120 1720 3592 5080
128 1296 3600 5088
136 1304 3608 5096
144 1312 3616 5104
152 1320 3624 5112
160 1328 3632 5120
168 1336 3640 5128
176 1344 3648 5136
184 1352 3656 5144
192 1360 3664 5152
200 1368 3672 5160
208 1376 3680 5168
216 1384 3688 5176
224 1392 3696 4752
232 1400 3704 4760
240 1408 3712 4768
248 1416 3720 4776
256 1424 3728 4784
264 1432 3736 4792
272 1440 3744 4800
280 1448 3752 4808
288 1456 3760 4816
296 1464 3768 4824
304 1472 3776 4832
312 1480 3784 4840
320 1488 3792 4848
328 1496 3800 4856
336 1504 3808 4864
664 1824 3224 4720
672 1832 3232 4728
680 1840 3240 4736
688 1848 3248 4744
696 1856 3256 4320
704 1864 3264 4328
712 1872 3272 4336
720 1880 3280 4344
728 1888 3288 4352
736 1896 3296 4360
744 1904 3304 4368
752 1912 3312 4376
760 1920 3320 4384
768 1928 3328 4392
776 1936 3336 4400
784 1944 3344 4408
792 1952 3352 4416
800 1960 3360 4424
808 1968 3368 4432
816 1976 3376 4440
824 1984 3384 4448
832 1992 3392 4456
840 2000 3400 4464
848 2008 3408 4472
856 2016 3416 4480
432 2024 3424 4488
440 2032 3432 4496
448 2040 3440 4504
456 2048 3448 4512
464 2056 3024 4520
472 2064 3032 4528
480 2072 3040 4536
488 2080 3048 4544
496 2088 3056 4552
504 2096 3064 4560
512 2104 3072 4568
520 2112 3080 4576
528 2120 3088 4584
536 2128 3096 4592
544 2136 3104 4600
552 2144 3112 4608
560 2152 3120 4616
568 1728 3128 4624
576 1736 3136 4632
584 1744 3144 4640
592 1752 3152 4648
600 1760 3160 4656
608 1768 3168 4664
616 1776 3176 4672
624 1784 3184 4680
632 1792 3192 4688
640 1800 3200 4696
648 1808 3208 4704
656 1816 3216 4712
944 2400 2704 3896
952 2408 2712 3904
960 2416 2720 3912
968 2424 2728 3920
976 2432 2736 3928
984 2440 2744 3936
992 2448 2752 3944
1000 2456 2760 3952
1008 2464 2768 3960
1016 2472 2776 3968
1024 2480 2784 3976
1032 2488 2792 3984
1040 2496 2800 3992
1048 2504 2808 4000
1056 2512 2816 4008
1064 2520 2824 4016
1072 2528 2832 4024
1080 2536 2840 4032
1088 2544 2848 4040
1096 2552 2856 4048
1104 2560 2864 4056
1112 2568 2872 4064
1120 2576 2880 4072
1128 2584 2888 4080
1136 2160 2896 4088
1144 2168 2904 4096
1152 2176 2912 4104
1160 2184 2920 4112
1168 2192 2928 4120
1176 2200 2936 4128
1184 2208 2944 4136
1192 2216 2952 4144
1200 2224 2960 4152
1208 2232 2968 4160
1216 2240 2976 4168
1224 2248 2984 4176
1232 2256 2992 4184
1240 2264 3000 4192
1248 2272 3008 4200
1256 2280 3016 4208
1264 2288 2592 4216
1272 2296 2600 4224
1280 2304 2608 4232
1288 2312 2616 4240
864 2320 2624 4248
872 2328 2632 4256
880 2336 2640 4264
888 2344 2648 4272
896 2352 2656 4280
904 2360 2664 4288
912 2368 2672 4296
920 2376 2680 4304
928 2384 2688 4312
936 2392 2696 3888
1265 1985 3025 5049
1273 1993 3033 5057
1281 2001 3041 5065
1289 2009 3049 5073
865 2017 3057 5081
873 2025 3065 5089
881 2033 3073 5097
889 2041 3081 5105
897 2049 3089 5113
905 2057 3097 5121
913 2065 3105 5129
921 2073 3113 5137
929 2081 3121 5145
937 2089 3129 5153
945 2097 3137 5161
953 2105 3145 5169
961 2113 3153 5177
969 2121 3161 4753
977 2129 3169 4761
985 2137 3177 4769
993 2145 3185 4777
1001 2153 3193 4785
1009 1729 3201 4793
1017 1737 3209 4801
1025 1745 3217 4809
1033 1753 3225 4817
1041 1761 3233 4825
1049 1769 3241 4833
1057 1777 3249 4841
1065 1785 3257 4849
1073 1793 3265 4857
1081 1801 3273 4865
1089 1809 3281 4873
1097 1817 3289 4881
1105 1825 3297 4889
1113 1833 3305 4897
1121 1841 3313 4905
1129 1849 3321 4913
1137 1857 3329 4921
1145 1865 3337 4929
1153 1873 3345 4937
1161 1881 3353 4945
1169 1889 3361 4953
1177 1897 3369 4961
1185 1905 3377 4969
1193 1913 3385 4977
1201 1921 3393 4985
1209 1929 3401 4993
1217 1937 3409 5001
1225 1945 3417 5009
1233 1953 3425 5017
1241 1961 3433 5025
1249 1969 3441 5033
1257 1977 3449 5041
217 1457 3833 4721
225 1465 3841 4729
233 1473 3849 4737
241 1481 3857 4745
249 1489 3865 4321
257 1497 3873 4329
265 1505 3881 4337
273 1513 3457 4345
281 1521 3465 4353
289 1529 3473 4361
297 1537 3481 4369
305 1545 3489 4377
313 1553 3497 4385
321 1561 3505 4393
329 1569 3513 4401
337 1577 3521 4409
345 1585 3529 4417
353 1593 3537 4425
361 1601 3545 4433
369 1609 3553 4441
377 1617 3561 4449
385 1625 3569 4457
393 1633 3577 4465
401 1641 3585 4473
409 1649 3593 4481
417 1657 3601 4489
425 1665 3609 4497
1 1673 3617 4505
9 1681 3625 4513
17 1689 3633 4521
25 1697 3641 4529
33 1705 3649 4537
41 1713 3657 4545
49 1721 3665 4553
57 1297 3673 4561
65 1305 3681 4569
73 1313 3689 4577
81 1321 3697 4585
89 1329 3705 4593
97 1337 3713 4601
105 1345 3721 4609
113 1353 3729 4617
121 1361 3737 4625
129 1369 3745 4633
137 1377 3753 4641
145 1385 3761 4649
153 1393 3769 4657
161 1401 3777 4665
169 1409 3785 4673
177 1417 3793 4681
185 1425 3801 4689
193 1433 3809 4697
201 1441 3817 4705
209 1449 3825 4713
617 2513 2745 4297
625 2521 2753 4305
633 2529 2761 4313
641 2537 2769 3889
649 2545 2777 3897
657 2553 2785 3905
665 2561 2793 3913
673 2569 2801 3921
681 2577 2809 3929
689 2585 2817 3937
697 2161 2825 3945
705 2169 2833 3953
713 2177 2841 3961
721 2185 2849 3969
729 2193 2857 3977
737 2201 2865 3985
745 2209 2873 3993
753 2217 2881 4001
761 2225 2889 4009
769 2233 2897 4017
777 2241 2905 4025
785 2249 2913 4033
793 2257 2921 4041
801 2265 2929 4049
809 2273 2937 4057
817 2281 2945 4065
825 2289 2953 4073
833 2297 2961 4081
841 2305 2969 4089
849 2313 2977 4097
857 2321 2985 4105
433 2329 2993 4113
441 2337 3001 4121
449 2345 3009 4129
457 2353 3017 4137
465 2361 2593 4145
473 2369 2601 4153
481 2377 2609 4161
489 2385 2617 4169
497 2393 2625 4177
505 2401 2633 4185
513 2409 2641 4193
521 2417 2649 4201
529 2425 2657 4209
537 2433 2665 4217
545 2441 2673 4225
553 2449 2681 4233
561 2457 2689 4241
569 2465 2697 4249
577 2473 2705 4257
585 2481 2713 4265
593 2489 2721 4273
601 2497 2729 4281
609 2505 2737 4289
634 1570 3730 4898
642 1578 3738 4906
650 1586 3746 4914
658 1594 3754 4922
666 1602 3762 4930
674 1610 3770 4938
682 1618 3778 4946
690 1626 3786 4954
698 1634 3794 4962
706 1642 3802 4970
714 1650 3810 4978
722 1658 3818 4986
730 1666 3826 4994
738 1674 3834 5002
746 1682 3842 5010
754 1690 3850 5018
762 1698 3858 5026
770 1706 3866 5034
778 1714 3874 5042
786 1722 3882 5050
794 1298 3458 5058
802 1306 3466 5066
810 1314 3474 5074
818 1322 3482 5082
826 1330 3490 5090
834 1338 3498 5098
842 1346 3506 5106
850 1354 3514 5114
858 1362 3522 5122
434 1370 3530 5130
442 1378 3538 5138
450 1386 3546 5146
458 1394 3554 5154
466 1402 3562 5162
474 1410 3570 5170
482 1418 3578 5178
490 1426 3586 4754
498 1434 3594 4762
506 1442 3602 4770
514 1450 3610 4778
522 1458 3618 4786
530 1466 3626 4794
538 1474 3634 4802
546 1482 3642 4810
554 1490 3650 4818
562 1498 3658 4826
570 1506 3666 4834
578 1514 3674 4842
586 1522 3682 4850
594 1530 3690 4858
602 1538 3698 4866
610 1546 3706 4874
618 1554 3714 4882
626 1562 3722 4890
1210 2074 3226 4714
1218 2082 3234 4722
1226 2090 3242 4730
1234 2098 3250 4738
1242 2106 3258 4746
1250 2114 3266 4322
1258 2122 3274 4330
1266 2130 3282 4338
1274 2138 3290 4346
1282 2146 3298 4354
1290 2154 3306 4362
866 1730 3314 4370
874 1738 3322 4378
882 1746 3330 4386
890 1754 3338 4394
898 1762 3346 4402
906 1770 3354 4410
914 1778 3362 4418
922 1786 3370 4426
930 1794 3378 4434
938 1802 3386 4442
946 1810 3394 4450
954 1818 3402 4458
962 1826 3410 4466
970 1834 3418 4474
978 1842 3426 4482
986 1850 3434 4490
994 1858 3442 4498
1002 1866 3450 4506
1010 1874 3026 4514
1018 1882 3034 4522
1026 1890 3042 4530
1034 1898 3050 4538
1042 1906 3058 4546
1050 1914 3066 4554
1058 1922 3074 4562
1066 1930 3082 4570
1074 1938 3090 4578
1082 1946 3098 4586
1090 1954 3106 4594
1098 1962 3114 4602
1106 1970 3122 4610
1114 1978 3130 4618
1122 1986 3138 4626
1130 1994 3146 4634
1138 2002 3154 4642
1146 2010 3162 4650
1154 2018 3170 4658
1162 2026 3178 4666
1170 2034 3186 4674
1178 2042 3194 4682
1186 2050 3202 4690
1194 2058 3210 4698
1202 2066 3218 4706
170 2514 2778 4114
178 2522 2786 4122
186 2530 2794 4130
194 2538 2802 4138
202 2546 2810 4146
210 2554 2818 4154
218 2562 2826 4162
226 2570 2834 4170
234 2578 2842 4178
242 2586 2850 4186
250 2162 2858 4194
258 2170 2866 4202
266 2178 2874 4210
274 2186 2882 4218
282 2194 2890 4226
290 2202 2898 4234
298 2210 2906 4242
306 2218 2914 4250
314 2226 2922 4258
322 2234 2930 4266
330 2242 2938 4274
338 2250 2946 4282
346 2258 2954 4290
354 2266 2962 4298
362 2274 2970 4306
370 2282 2978 4314
378 2290 2986 3890
386 2298 2994 3898
394 2306 3002 3906
402 2314 3010 3914
410 2322 3018 3922
418 2330 2594 3930
426 2338 2602 3938
2 2346 2610 3946
10 2354 2618 3954
18 2362 2626 3962
26 2370 2634 3970
34 2378 2642 3978
42 2386 2650 3986
50 2394 2658 3994
58 2402 2666 4002
66 2410 2674 4010
74 2418 2682 4018
82 2426 2690 4026
90 2434 2698 4034
98 2442 2706 4042
106 2450 2714 4050
114 2458 2722 4058
122 2466 2730 4066
130 2474 2738 4074
138 2482 2746 4082
146 2490 2754 4090
154 2498 2762 4098
162 2506 2770 4106
307 1571 2875 4915
315 1579 2883 4923
323 1587 2891 4931
331 1595 2899 4939
339 1603 2907 4947
347 1611 2915 4955
355 1619 2923 4963
363 1627 2931 4971
371 1635 2939 4979
379 1643 2947 4987
387 1651 2955 4995
395 1659 2963 5003
403 1667 2971 5011
411 1675 2979 5019
419 1683 2987 5027
427 1691 2995 5035
3 1699 3003 5043
11 1707 3011 5051
19 1715 3019 5059
27 1723 2595 5067
35 1299 2603 5075
43 1307 2611 5083
51 1315 2619 5091
59 1323 2627 5099
67 1331 2635 5107
75 1339 2643 5115
83 1347 2651 5123
91 1355 2659 5131
99 1363 2667 5139
107 1371 2675 5147
115 1379 2683 5155
123 1387 2691 5163
131 1395 2699 5171
139 1403 2707 5179
147 1411 2715 4755
155 1419 2723 4763
163 1427 2731 4771
171 1435 2739 4779
179 1443 2747 4787
187 1451 2755 4795
195 1459 2763 4803
203 1467 2771 4811
211 1475 2779 4819
219 1483 2787 4827
227 1491 2795 4835
235 1499 2803 4843
243 1507 2811 4851
251 1515 2819 4859
259 1523 2827 4867
267 1531 2835 4875
275 1539 2843 4883
283 1547 2851 4891
291 1555 2859 4899
299 1563 2867 4907
635 2451 3419 4299
643 2459 3427 4307
651 2467 3435 4315
659 2475 3443 3891
667 2483 3451 3899
675 2491 3027 3907
683 2499 3035 3915
691 2507 3043 3923
699 2515 3051 3931
707 2523 3059 3939
715 2531 3067 3947
723 2539 3075 3955
731 2547 3083 3963
739 2555 3091 3971
747 2563 3099 3979
755 2571 3107 3987
763 2579 3115 3995
771 2587 3123 4003
779 2163 3131 4011
787 2171 3139 4019
795 2179 3147 4027
803 2187 3155 4035
811 2195 3163 4043
819 2203 3171 4051
827 2211 3179 4059
835 2219 3187 4067
843 2227 3195 4075
851 2235 3203 4083
859 2243 3211 4091
435 2251 3219 4099
443 2259 3227 4107
451 2267 3235 4115
459 2275 3243 4123
467 2283 3251 4131
475 2291 3259 4139
483 2299 3267 4147
491 2307 3275 4155
499 2315 3283 4163
507 2323 3291 4171
515 2331 3299 4179
523 2339 3307 4187
531 2347 3315 4195
539 2355 3323 4203
547 2363 3331 4211
555 2371 3339 4219
563 2379 3347 4227
571 2387 3355 4235
579 2395 3363 4243
587 2403 3371 4251
595 2411 3379 4259
603 2419 3387 4267
611 2427 3395 4275
619 2435 3403 4283
627 2443 3411 4291
1283 1811 3883 4651
1291 1819 3459 4659
867 1827 3467 4667
875 1835 3475 4675
883 1843 3483 4683
891 1851 3491 4691
899 1859 3499 4699
907 1867 3507 4707
915 1875 3515 4715
923 1883 3523 4723
931 1891 3531 4731
939 1899 3539 4739
947 1907 3547 4747
955 1915 3555 4323
963 1923 3563 4331
971 1931 3571 4339
979 1939 3579 4347
987 1947 3587 4355
995 1955 3595 4363
1003 1963 3603 4371
1011 1971 3611 4379
1019 1979 3619 4387
1027 1987 3627 4395
1035 1995 3635 4403
1043 2003 3643 4411
1051 2011 3651 4419
1059 2019 3659 4427
1067 2027 3667 4435
1075 2035 3675 4443
1083 2043 3683 4451
1091 2051 3691 4459
1099 2059 3699 4467
1107 2067 3707 4475
1115 2075 3715 4483
1123 2083 3723 4491
1131 2091 3731 4499
1139 2099 3739 4507
1147 2107 3747 4515
1155 2115 3755 4523
1163 2123 3763 4531
1171 2131 3771 4539
1179 2139 3779 4547
1187 2147 3787 4555
1195 2155 3795 4563
1203 1731 3803 4571
1211 1739 3811 4579
1219 1747 3819 4587
1227 1755 3827 4595
1235 1763 3835 4603
1243 1771 3843 4611
1251 1779 3851 4619
1259 1787 3859 4627
1267 1795 3867 4635
1275 1803 3875 4643
900 2580 3004 4420
908 2588 3012 4428
916 2164 3020 4436
924 2172 2596 4444
932 2180 2604 4452
940 2188 2612 4460
948 2196 2620 4468
956 2204 2628 4476
964 2212 2636 4484
972 2220 2644 4492
980 2228 2652 4500
988 2236 2660 4508
996 2244 2668 4516
1004 2252 2676 4524
1012 2260 2684 4532
1020 2268 2692 4540
1028 2276 2700 4548
1036 2284 2708 4556
1044 2292 2716 4564
1052 2300 2724 4572
1060 2308 2732 4580
1068 2316 2740 4588
1076 2324 2748 4596
1084 2332 2756 4604
1092 2340 2764 4612
1100 2348 2772 4620
1108 2356 2780 4628
1116 2364 2788 4636
1124 2372 2796 4644
1132 2380 2804 4652
1140 2388 2812 4660
1148 2396 2820 4668
1156 2404 2828 4676
1164 2412 2836 4684
1172 2420 2844 4692
1180 2428 2852 4700
1188 2436 2860 4708
1196 2444 2868 4716
1204 2452 2876 4724
1212 2460 2884 4732
1220 2468 2892 4740
1228 2476 2900 4748
1236 2484 2908 4324
1244 2492 2916 4332
1252 2500 2924 4340
1260 2508 2932 4348
1268 2516 2940 4356
1276 2524 2948 4364
1284 2532 2956 4372
1292 2540 2964 4380
868 2548 2972 4388
876 2556 2980 4396
884 2564 2988 4404
892 2572 2996 4412
84 1628 3740 4820
92 1636 3748 4828
100 1644 3756 4836
108 1652 3764 4844
116 1660 3772 4852
124 1668 3780 4860
132 1676 3788 4868
140 1684 3796 4876
148 1692 3804 4884
156 1700 3812 4892
164 1708 3820 4900
172 1716 3828 4908
180 1724 3836 4916
188 1300 3844 4924
196 1308 3852 4932
204 1316 3860 4940
212 1324 3868 4948
220 1332 3876 4956
228 1340 3884 4964
236 1348 3460 4972
244 1356 3468 4980
252 1364 3476 4988
260 1372 3484 4996
268 1380 3492 5004
276 1388 3500 5012
284 1396 3508 5020
292 1404 3516 5028
300 1412 3524 5036
308 1420 3532 5044
316 1428 3540 5052
324 1436 3548 5060
332 1444 3556 5068
340 1452 3564 5076
348 1460 3572 5084
356 1468 3580 5092
364 1476 3588 5100
372 1484 3596 5108
380 1492 3604 5116
388 1500 3612 5124
396 1508 3620 5132
404 1516 3628 5140
412 1524 3636 5148
420 1532 3644 5156
428 1540 3652 5164
4 1548 3660 5172
12 1556 3668 5180
20 1564 3676 4756
28 1572 3684 4764
36 1580 3692 4772
44 1588 3700 4780
52 1596 3708 4788
60 1604 3716 4796
68 1612 3724 4804
76 1620 3732 4812
580 2132 3084 4084
588 2140 3092 4092
596 2148 3100 4100
604 2156 3108 4108
612 1732 3116 4116
620 1740 3124 4124
628 1748 3132 4132
636 1756 3140 4140
644 1764 3148 4148
652 1772 3156 4156
660 1780 3164 4164
668 1788 3172 4172
676 1796 3180 4180
684 1804 3188 4188
692 1812 3196 4196
700 1820 3204 4204
708 1828 3212 4212
716 1836 3220 4220
724 1844 3228 4228
732 1852 3236 4236
740 1860 3244 4244
748 1868 3252 4252
756 1876 3260 4260
764 1884 3268 4268
772 1892 3276 4276
780 1900 3284 4284
788 1908 3292 4292
796 1916 3300 4300
804 1924 3308 4308
812 1932 3316 4316
820 1940 3324 3892
828 1948 3332 3900
836 1956 3340 3908
844 1964 3348 3916
852 1972 3356 3924
860 1980 3364 3932
436 1988 3372 3940
444 1996 3380 3948
452 2004 3388 3956
460 2012 3396 3964
468 2020 3404 3972
476 2028 3412 3980
484 2036 3420 3988
492 2044 3428 3996
500 2052 3436 4004
508 2060 3444 4012
516 2068 3452 4020
524 2076 3028 4028
532 2084 3036 4036
540 2092 3044 4044
548 2100 3052 4052
556 2108 3060 4060
564 2116 3068 4068
572 2124 3076 4076
885 2053 2693 4357
893 2061 2701 4365
901 2069 2709 4373
909 2077 2717 4381
917 2085 2725 4389
925 2093 2733 4397
933 2101 2741 4405
941 2109 2749 4413
949 2117 2757 4421
957 2125 2765 4429
965 2133 2773 4437
973 2141 2781 4445
981 2149 2789 4453
989 2157 2797 4461
997 1733 2805 4469
1005 1741 2813 4477
1013 1749 2821 4485
1021 1757 2829 4493
1029 1765 2837 4501
1037 1773 2845 4509
1045 1781 2853 4517
1053 1789 2861 4525
1061 1797 2869 4533
1069 1805 2877 4541
1077 1813 2885 4549
1085 1821 2893 4557
1093 1829 2901 4565
1101 1837 2909 4573
1109 1845 2917 4581
1117 1853 2925 4589
1125 1861 2933 4597
1133 1869 2941 4605
1141 1877 2949 4613
1149 1885 2957 4621
1157 1893 2965 4629
1165 1901 2973 4637
1173 1909 2981 4645
1181 1917 2989 4653
1189 1925 2997 4661
1197 1933 3005 4669
1205 1941 3013 4677
1213 1949 3021 4685
1221 1957 2597 4693
1229 1965 2605 4701
1237 1973 2613 4709
1245 1981 2621 4717
1253 1989 2629 4725
1261 1997 2637 4733
1269 2005 2645 4741
1277 2013 2653 4749
1285 2021 2661 4325
1293 2029 2669 4333
869 2037 2677 4341
877 2045 2685 4349
85 1517 3853 5093
93 1525 3861 5101
101 1533 3869 5109
109 1541 3877 5117
117 1549 3885 5125
125 1557 3461 5133
133 1565 3469 5141
141 1573 3477 5149
149 1581 3485 5157
157 1589 3493 5165
165 1597 3501 5173
173 1605 3509 5181
181 1613 3517 4757
189 1621 3525 4765
197 1629 3533 4773
205 1637 3541 4781
213 1645 3549 4789
221 1653 3557 4797
229 1661 3565 4805
237 1669 3573 4813
245 1677 3581 4821
253 1685 3589 4829
261 1693 3597 4837
269 1701 3605 4845
277 1709 3613 4853
285 1717 3621 4861
293 1725 3629 4869
301 1301 3637 4877
309 1309 3645 4885
317 1317 3653 4893
325 1325 3661 4901
333 1333 3669 4909
341 1341 3677 4917
349 1349 3685 4925
357 1357 3693 4933
365 1365 3701 4941
373 1373 3709 4949
381 1381 3717 4957
389 1389 3725 4965
397 1397 3733 4973
405 1405 3741 4981
413 1413 3749 4989
421 1421 3757 4997
429 1429 3765 5005
5 1437 3773 5013
13 1445 3781 5021
21 1453 3789 5029
29 1461 3797 5037
37 1469 3805 5045
45 1477 3813 5053
53 1485 3821 5061
61 1493 3829 5069
69 1501 3837 5077
77 1509 3845 5085
597 2445 3237 4285
605 2453 3245 4293
613 2461 3253 4301
621 2469 3261 4309
629 2477 3269 4317
637 2485 3277 3893
645 2493 3285 3901
653 2501 3293 3909
661 2509 3301 3917
669 2517 3309 3925
677 2525 3317 3933
685 2533 3325 3941
693 2541 3333 3949
701 2549 3341 3957
709 2557 3349 3965
717 2565 3357 3973
725 2573 3365 3981
733 2581 3373 3989
741 2589 3381 3997
749 2165 3389 4005
757 2173 3397 4013
765 2181 3405 4021
773 2189 3413 4029
781 2197 3421 4037
789 2205 3429 4045
797 2213 3437 4053
805 2221 3445 4061
813 2229 3453 4069
821 2237 3029 4077
829 2245 3037 4085
837 2253 3045 4093
845 2261 3053 4101
853 2269 3061 4109
861 2277 3069 4117
437 2285 3077 4125
445 2293 3085 4133
453 2301 3093 4141
461 2309 3101 4149
469 2317 3109 4157
477 2325 3117 4165
485 2333 3125 4173
493 2341 3133 4181
501 2349 3141 4189
509 2357 3149 4197
517 2365 3157 4205
525 2373 3165 4213
533 2381 3173 4221
541 2389 3181 4229
549 2397 3189 4237
557 2405 3197 4245
565 2413 3205 4253
573 2421 3213 4261
581 2429 3221 4269
589 2437 3229 4277
374 1702 3694 5126
382 1710 3702 5134
390 1718 3710 5142
398 1726 3718 5150
406 1302 3726 5158
414 1310 3734 5166
422 1318 3742 5174
430 1326 3750 5182
6 1334 3758 4758
14 1342 3766 4766
22 1350 3774 4774
30 1358 3782 4782
38 1366 3790 4790
46 1374 3798 4798
54 1382 3806 4806
62 1390 3814 4814
70 1398 3822 4822
78 1406 3830 4830
86 1414 3838 4838
94 1422 3846 4846
102 1430 3854 4854
110 1438 3862 4862
118 1446 3870 4870
126 1454 3878 4878
134 1462 3886 4886
142 1470 3462 4894
150 1478 3470 4902
158 1486 3478 4910
166 1494 3486 4918
174 1502 3494 4926
182 1510 3502 4934
190 1518 3510 4942
198 1526 3518 4950
206 1534 3526 4958
214 1542 3534 4966
222 1550 3542 4974
230 1558 3550 4982
238 1566 3558 4990
246 1574 3566 4998
254 1582 3574 5006
262 1590 3582 5014
270 1598 3590 5022
278 1606 3598 5030
286 1614 3606 5038
294 1622 3614 5046
302 1630 3622 5054
310 1638 3630 5062
318 1646 3638 5070
326 1654 3646 5078
334 1662 3654 5086
342 1670 3662 5094
350 1678 3670 5102
358 1686 3678 5110
366 1694 3686 5118
750 2294 2694 4046
758 2302 2702 4054
766 2310 2710 4062
774 2318 2718 4070
782 2326 2726 4078
790 2334 2734 4086
798 2342 2742 4094
806 2350 2750 4102
814 2358 2758 4110
822 2366 2766 4118
830 2374 2774 4126
838 2382 2782 4134
846 2390 2790 4142
854 2398 2798 4150
862 2406 2806 4158
438 2414 2814 4166
446 2422 2822 4174
454 2430 2830 4182
462 2438 2838 4190
470 2446 2846 4198
478 2454 2854 4206
486 2462 2862 4214
494 2470 2870 4222
502 2478 2878 4230
510 2486 2886 4238
518 2494 2894 4246
526 2502 2902 4254
534 2510 2910 4262
542 2518 2918 4270
550 2526 2926 4278
558 2534 2934 4286
566 2542 2942 4294
574 2550 2950 4302
582 2558 2958 4310
590 2566 2966 4318
598 2574 2974 3894
606 2582 2982 3902
614 2590 2990 3910
622 2166 2998 3918
630 2174 3006 3926
638 2182 3014 3934
646 2190 3022 3942
654 2198 2598 3950
662 2206 2606 3958
670 2214 2614 3966
678 2222 2622 3974
686 2230 2630 3982
694 2238 2638 3990
702 2246 2646 3998
710 2254 2654 4006
718 2262 2662 4014
726 2270 2670 4022
734 2278 2678 4030
742 2286 2686 4038
1062 1806 3238 4470
1070 1814 3246 4478
1078 1822 3254 4486
1086 1830 3262 4494
1094 1838 3270 4502
1102 1846 3278 4510
1110 1854 3286 4518
1118 1862 3294 4526
1126 1870 3302 4534
1134 1878 3310 4542
1142 1886 3318 4550
1150 1894 3326 4558
1158 1902 3334 4566
1166 1910 3342 4574
1174 1918 3350 4582
1182 1926 3358 4590
1190 1934 3366 4598
1198 1942 3374 4606
1206 1950 3382 4614
1214 1958 3390 4622
1222 1966 3398 4630
1230 1974 3406 4638
1238 1982 3414 4646
1246 1990 3422 4654
1254 1998 3430 4662
1262 2006 3438 4670
1270 2014 3446 4678
1278 2022 3454 4686
1286 2030 3030 4694
1294 2038 3038 4702
870 2046 3046 4710
878 2054 3054 4718
886 2062 3062 4726
894 2070 3070 4734
902 2078 3078 4742
910 2086 3086 4750
918 2094 3094 4326
926 2102 3102 4334
934 2110 3110 4342
942 2118 3118 4350
950 2126 3126 4358
958 2134 3134 4366
966 2142 3142 4374
974 2150 3150 4382
982 2158 3158 4390
990 1734 3166 4398
998 1742 3174 4406
1006 1750 3182 4414
1014 1758 3190 4422
1022 1766 3198 4430
1030 1774 3206 4438
1038 1782 3214 4446
1046 1790 3222 4454
1054 1798 3230 4462
1039 2031 3135 4455
1047 2039 3143 4463
1055 2047 3151 4471
1063 2055 3159 4479
1071 2063 3167 4487
1079 2071 3175 4495
1087 2079 3183 4503
1095 2087 3191 4511
1103 2095 3199 4519
1111 2103 3207 4527
1119 2111 3215 4535
1127 2119 3223 4543
1135 2127 3231 4551
1143 2135 3239 4559
1151 2143 3247 4567
1159 2151 3255 4575
1167 2159 3263 4583
1175 1735 3271 4591
1183 1743 3279 4599
1191 1751 3287 4607
1199 1759 3295 4615
1207 1767 3303 4623
1215 1775 3311 4631
1223 1783 3319 4639
1231 1791 3327 4647
1239 1799 3335 4655
1247 1807 3343 4663
1255 1815 3351 4671
1263 1823 3359 4679
1271 1831 3367 4687
1279 1839 3375 4695
1287 1847 3383 4703
1295 1855 3391 4711
871 1863 3399 4719
879 1871 3407 4727
887 1879 3415 4735
895 1887 3423 4743
903 1895 3431 4751
911 1903 3439 4327
919 1911 3447 4335
927 1919 3455 4343
935 1927 3031 4351
943 1935 3039 4359
951 1943 3047 4367
959 1951 3055 4375
967 1959 3063 4383
975 1967 3071 4391
983 1975 3079 4399
991 1983 3087 4407
999 1991 3095 4415
1007 1999 3103 4423
1015 2007 3111 4431
1023 2015 3119 4439
1031 2023 3127 4447
735 2351 2719 3975
743 2359 2727 3983
751 2367 2735 3991
759 2375 2743 3999
767 2383 2751 4007
775 2391 2759 4015
783 2399 2767 4023
791 2407 2775 4031
799 2415 2783 4039
807 2423 2791 4047
815 2431 2799 4055
823 2439 2807 4063
831 2447 2815 4071
839 2455 2823 4079
847 2463 2831 4087
855 2471 2839 4095
863 2479 2847 4103
439 2487 2855 4111
447 2495 2863 4119
455 2503 2871 4127
463 2511 2879 4135
471 2519 2887 4143
479 2527 2895 4151
487 2535 2903 4159
495 2543 2911 4167
503 2551 2919 4175
511 2559 2927 4183
519 2567 2935 4191
527 2575 2943 4199
535 2583 2951 4207
543 2591 2959 4215
551 2167 2967 4223
559 2175 2975 4231
567 2183 2983 4239
575 2191 2991 4247
583 2199 2999 4255
591 2207 3007 4263
599 2215 3015 4271
607 2223 3023 4279
615 2231 2599 4287
623 2239 2607 4295
631 2247 2615 4303
639 2255 2623 4311
647 2263 2631 4319
655 2271 2639 3895
663 2279 2647 3903
671 2287 2655 3911
679 2295 2663 3919
687 2303 2671 3927
695 2311 2679 3935
703 2319 2687 3943
711 2327 2695 3951
719 2335 2703 3959
727 2343 2711 3967
7 1519 3567 5071
15 1527 3575 5079
23 1535 3583 5087
31 1543 3591 5095
39 1551 3599 5103
47 1559 3607 5111
55 1567 3615 5119
63 1575 3623 5127
71 1583 3631 5135
79 1591 3639 5143
87 1599 3647 5151
95 1607 3655 5159
103 1615 3663 5167
111 1623 3671 5175
119 1631 3679 5183
127 1639 3687 4759
135 1647 3695 4767
143 1655 3703 4775
151 1663 3711 4783
159 1671 3719 4791
167 1679 3727 4799
175 1687 3735 4807
183 1695 3743 4815
191 1703 3751 4823
199 1711 3759 4831
207 1719 3767 4839
215 1727 3775 4847
223 1303 3783 4855
231 1311 3791 4863
239 1319 3799 4871
247 1327 3807 4879
255 1335 3815 4887
263 1343 3823 4895
271 1351 3831 4903
279 1359 3839 4911
287 1367 3847 4919
295 1375 3855 4927
303 1383 3863 4935
311 1391 3871 4943
319 1399 3879 4951
327 1407 3887 4959
335 1415 3463 4967
343 1423 3471 4975
351 1431 3479 4983
359 1439 3487 4991
367 1447 3495 4999
375 1455 3503 5007
383 1463 3511 5015
391 1471 3519 5023
399 1479 3527 5031
407 1487 3535 5039
415 1495 3543 5047
423 1503 3551 5055
431 1511 3559 5063